 
[  3.00000000e+03   2.99500000e+03   2.99400000e+03   2.98900000e+03
   2.98800000e+03   2.98700000e+03   2.98500000e+03   2.98300000e+03
   2.98100000e+03   2.98000000e+03   2.97900000e+03   2.96800000e+03
   2.96700000e+03   2.96500000e+03   2.96300000e+03   2.95500000e+03
   2.95300000e+03   2.95100000e+03   2.95000000e+03   2.94700000e+03
   2.94500000e+03   2.94100000e+03   2.94000000e+03   2.93700000e+03
   2.93500000e+03   2.93400000e+03   2.93300000e+03   2.92300000e+03
   2.91800000e+03   2.91600000e+03   2.81700000e+03   2.81600000e+03
   2.81500000e+03   2.81400000e+03   2.81200000e+03   2.81100000e+03
   2.81000000e+03   2.80900000e+03   2.80800000e+03   2.80700000e+03
   2.80600000e+03   2.80000000e+03   2.79900000e+03   2.79800000e+03
   2.77400000e+03   2.77200000e+03   2.76900000e+03   2.76500000e+03
   2.76300000e+03   2.76200000e+03   2.76100000e+03   2.75900000e+03
   2.75600000e+03   2.75300000e+03   2.75200000e+03   2.74900000e+03
   2.74300000e+03   2.74200000e+03   2.73500000e+03   2.73200000e+03
   2.73100000e+03   2.73000000e+03   2.72900000e+03   2.72800000e+03
   2.72600000e+03   2.72500000e+03   2.72400000e+03   2.71900000e+03
   2.71500000e+03   2.70700000e+03   2.70500000e+03   2.70400000e+03
   2.70200000e+03   2.70100000e+03   2.69500000e+03   2.69200000e+03
   2.69000000e+03   2.68200000e+03   2.66400000e+03   2.66300000e+03
   2.66100000e+03   2.65900000e+03   2.65800000e+03   2.65600000e+03
   2.65400000e+03   2.65100000e+03   2.64600000e+03   2.64500000e+03
   2.64000000e+03   2.63900000e+03   2.62700000e+03   2.62400000e+03
   2.62200000e+03   2.62000000e+03   2.61900000e+03   2.61800000e+03
   2.61700000e+03   2.61600000e+03   2.61500000e+03   2.61400000e+03
   2.61300000e+03   2.61200000e+03   2.61100000e+03   2.60900000e+03
   2.60700000e+03   2.60600000e+03   2.60500000e+03   2.60200000e+03
   2.60100000e+03   2.60000000e+03   2.59900000e+03   2.59500000e+03
   2.59400000e+03   2.59200000e+03   2.59100000e+03   2.58700000e+03
   2.58500000e+03   2.58400000e+03   2.58300000e+03   2.58200000e+03
   2.57800000e+03   2.57500000e+03   2.57400000e+03   2.57300000e+03
   2.57200000e+03   2.57000000e+03   2.56400000e+03   2.56100000e+03
   2.55700000e+03   2.55300000e+03   2.55000000e+03   2.54900000e+03
   2.54800000e+03   2.54500000e+03   2.42700000e+03   2.42500000e+03
   2.42300000e+03   2.42200000e+03   2.42100000e+03   2.42000000e+03
   2.41800000e+03   2.41700000e+03   2.41600000e+03   2.41500000e+03
   2.41400000e+03   2.41200000e+03   2.41100000e+03   2.41000000e+03
   2.40900000e+03   2.40700000e+03   2.40400000e+03   2.40000000e+03
   2.39900000e+03   2.38700000e+03   2.38600000e+03   2.38400000e+03
   2.38100000e+03   2.18500000e+03   2.12900000e+03   2.12600000e+03
   2.12500000e+03   2.12400000e+03   2.11900000e+03   2.11600000e+03
   2.11500000e+03   2.11200000e+03   2.10800000e+03   2.10400000e+03
   2.10200000e+03   2.10000000e+03   2.09900000e+03   2.09600000e+03
   2.08800000e+03   2.08400000e+03   1.92500000e+03   1.92300000e+03
   1.92200000e+03   1.91900000e+03   1.91700000e+03   1.91200000e+03
   1.91000000e+03   1.90100000e+03   1.90000000e+03   1.89600000e+03
   1.89500000e+03   1.89400000e+03   1.89200000e+03   1.89100000e+03
   1.89000000e+03   1.88900000e+03   1.88800000e+03   1.77900000e+03
   1.77800000e+03   1.77600000e+03   1.77400000e+03   1.77300000e+03
   1.77200000e+03   1.77000000e+03   1.76900000e+03   1.76600000e+03
   1.65000000e+03   1.64500000e+03   1.63600000e+03   1.63500000e+03
   1.55700000e+03   1.55400000e+03   1.55300000e+03   1.55200000e+03
   1.55100000e+03   1.55000000e+03   1.54800000e+03   1.54700000e+03
   1.54600000e+03   1.54500000e+03   1.54000000e+03   1.53800000e+03
   1.53500000e+03   1.53400000e+03   1.53100000e+03   1.51800000e+03
   1.51700000e+03   1.51600000e+03   1.51100000e+03   1.50900000e+03
   1.50300000e+03   1.50100000e+03   1.50000000e+03   1.49200000e+03
   1.49000000e+03   1.48900000e+03   1.48400000e+03   1.48300000e+03
   1.48200000e+03   1.47800000e+03   1.46900000e+03   1.46200000e+03
   1.45800000e+03   1.45700000e+03   1.45500000e+03   1.45300000e+03
   1.45200000e+03   1.45100000e+03   1.45000000e+03   1.44900000e+03
   1.44800000e+03   1.44700000e+03   1.43900000e+03   1.75000000e+02
   1.74000000e+02   1.73000000e+02   1.67000000e+02   1.65000000e+02
   1.64000000e+02   1.57000000e+02   1.56000000e+02   7.60000000e+01
   6.10000000e+01   6.00000000e+01   5.80000000e+01   5.50000000e+01
   1.87000000e+02   1.85000000e+02   1.84000000e+02   1.60000000e+01
   1.40000000e+01   1.38000000e+02   1.26000000e+02   5.20000000e+01
   1.00000000e+01   0.00000000e+00   8.00000000e+00   3.90000000e+01
   4.00000000e+00   9.00000000e+00   4.00000000e+00   8.00000000e+00
   1.30000000e+01   0.00000000e+00   6.00000000e+00   4.00000000e+00
   1.00000000e+00   3.00000000e+00   1.80000000e+01   3.00000000e+00
   0.00000000e+00   5.00000000e+00   2.00000000e+00   1.00000000e+00
   1.00000000e+00   7.00000000e+00   7.00000000e+00   5.00000000e+00
   1.00000000e+00   0.00000000e+00   8.00000000e+00   1.00000000e+00
   1.00000000e+00   0.00000000e+00   3.00000000e+00   2.00000000e+00
   0.00000000e+00   4.00000000e+00   1.00000000e+00   1.00000000e+00
   5.00000000e+00   0.00000000e+00   1.00000000e+00   0.00000000e+00
   1.00000000e+00   1.00000000e+00   0.00000000e+00   0.00000000e+00
   1.00000000e+00   1.00000000e+00   0.00000000e+00   2.00000000e+00
   1.00000000e+00   0.00000000e+00   0.00000000e+00   1.00000000e+00
   1.00000000e+00   0.00000000e+00   2.00000000e+00   0.00000000e+00
   1.00000000e+00   0.00000000e+00   1.00000000e+00   0.00000000e+00
   1.00000000e+00   0.00000000e+00   1.00000000e+00   0.00000000e+00
   0.00000000e+00   3.00000000e+00   0.00000000e+00   2.00000000e+00
   0.00000000e+00   1.00000000e+00   0.00000000e+00   1.00000000e+00
   0.00000000e+00   1.00000000e+00   1.00000000e+00   0.00000000e+00
   1.00000000e+00   0.00000000e+00   0.00000000e+00   0.00000000e+00
   0.00000000e+00   2.00000000e+00   0.00000000e+00   0.00000000e+00
   1.00000000e+00   0.00000000e+00   0.00000000e+00   1.00000000e+00
   0.00000000e+00   1.00000000e+00   0.00000000e+00   0.00000000e+00
   1.00000000e+00   0.00000000e+00   0.00000000e+00   0.00000000e+00
   0.00000000e+00   0.00000000e+00   0.00000000e+00   1.00000000e+00
   0.00000000e+00   0.00000000e+00   1.00000000e+00   0.00000000e+00
   0.00000000e+00   0.00000000e+00   0.00000000e+00   1.00000000e+00
   0.00000000e+00   0.00000000e+00   0.00000000e+00   0.00000000e+00
   0.00000000e+00   0.00000000e+00   1.00000000e+00   0.00000000e+00
   1.00000000e+00   1.00000000e+00   0.00000000e+00   0.00000000e+00
   0.00000000e+00   1.00000000e+00   0.00000000e+00   1.00000000e+00
   0.00000000e+00   0.00000000e+00   0.00000000e+00   0.00000000e+00
   1.00000000e+00   0.00000000e+00   0.00000000e+00   0.00000000e+00
   0.00000000e+00   0.00000000e+00   0.00000000e+00   1.00000000e+00
   0.00000000e+00   0.00000000e+00   0.00000000e+00   0.00000000e+00
   0.00000000e+00   0.00000000e+00   0.00000000e+00   0.00000000e+00
   0.00000000e+00   0.00000000e+00   1.00000000e+00   0.00000000e+00
   0.00000000e+00   0.00000000e+00   0.00000000e+00   0.00000000e+00
   0.00000000e+00   1.00000000e+00   0.00000000e+00   0.00000000e+00
   0.00000000e+00   0.00000000e+00   0.00000000e+00   0.00000000e+00
   1.00000000e+00   0.00000000e+00   0.00000000e+00   0.00000000e+00
   0.00000000e+00   0.00000000e+00   0.00000000e+00   0.00000000e+00
   0.00000000e+00   1.00000000e+00   0.00000000e+00   0.00000000e+00
   0.00000000e+00   0.00000000e+00   0.00000000e+00   0.00000000e+00
   0.00000000e+00   0.00000000e+00   0.00000000e+00   0.00000000e+00
   0.00000000e+00   1.00000000e+00]
